#' HUD Brand Colour Palettes
#'
#' Includes two from the original Nord palettes
#'
#' @export
hud_palettes <- list(# HUD Colours
                      hud_brand = c("#003E52", "#FFC04A", "#00826E", "#62B6F3", "#222423", "#A4343E"),

                      # Primary Colours
                      hud_primary2 = c("#003E52", "#FFC04A"),
                      hud_primary4 = c("#003E52", "#668B97", "#FFC04A", "#FFE6B7"),

                      # Combinations
                      kuratea = c("#EDD6D8", "#C8858B", "#668B97", "#336575", "#00232F"),
                      rainbow = c("#B44E5F", "#DF8881", "#FFD486", "#72CAB2", "#86C4F6"),
                      stronger = c("#670F17", "#A4343E", "#F7A100", "#0C619E", "#00232F"),
                      fog = c("#99CDC5", "#ABDEF6", "#668B97", "#336575"),
                      valley = c("#003E52", "#336575", "#CCD8DC", "#33434A", "#00232F"),

                      # Monochrome
                      kokopu_pounamu = c("#00232F", "#003E52", "#336575", "#668B97", "#99B2BA", "#CCD8DC"),
                      kowhai = c("#F7A100", "#FFC04A", "#FFC965", "#FFD380", "#FFDC9B", "#FFE6B7"),
                      kakariki = c("#005f61", "#00826E", "#339B8B", "#66B4A8", "#99CDC5", "#CCE6E2"),
                      kahurangi = c("#0C619E", "#62B6F3", "#7AC4F4", "#92D2F5", "#ABDEF6", "#C3EAF7"),
                      pango = c("#222423", "#474948", "#6D6E6D", "#929393", "#B8B8B8", "#DEDEDE"),
                      kokowai_kura = c("#670F17", "#A4343E", "#B65D65", "#C8858B", "#DBAEB2", "#EDD6D8"),

                      # from Nord
                      lumina = c("#EDDAEB", "#AD8CAE", "#4F93B8", "#306489", "#222B4C"),
                      victory_bonds = c("#AF1900","#C83200","#E19600","#193264","#001964")

                      )
